40 40
12
5,5
3,3
3,13,6
2,1,1,1,4,2
2,3,1,1,4,2
2,2,2,1,1,2,2
2,2,11,3,2
1,2,2,1,4,1
2,9,1,4,2
1,1,1,3,1
1,2,12,1
1,4,1,4,1
1,2,2,1,2,2,1
1,1,1,1,2,2,1
1,2,2,1,1,2,2,1
1,1,1,1,1,1,1,2,1
1,1,1,1,1,1,1,2,1
1,1,1,1,1,1,1,2,3
1,1,1,1,1,1,1,2,4
1,6,6,1,1,1,3,3,1
1,1,1,1,1,1,1,1,1,1,2,1,1,2
1,1,1,1,1,1,1,1,6,2,2,3
1,12,1,2,3,1
1,12,14,1,1,1
1,11,21
1,3,3,1
1,1,2,3,1
2,1,1,1,3,1
4,3,2,2,1
1,6,1,5,1,11,1
1,5,5,2,1,1,1,1,1,1
1,1,1,2,1,1,1,1,2,1
1,2,4,2,1,1,1,1,3,1
1,2,3,1,2,14,1
1,1,6,1,1,1,1,3,1,1
1,7,1,1,9,1,1
1,8,5,3,1,1,1
1,4,4,1,8,1
1,4,6,1,1,1,1
0
31
3,2
2,10,2,4
2,3,1,8,2,3
2,2,7,2,1,5
2,2,1,5,3,6
1,2,6,5,6
2,2,1,3,3,4,1
1,3,3,1,4
2,2,11,1,4,3
1,3,1,3,1,2
1,2,1,6,2,2,1,3
1,2,1,1,4,2,2,1,1
2,3,19,2,4,1
1,1,2,1,1,1,3,2,1,1
1,1,2,1,1,5,1
1,1,3,1,4
1,1,3,1,1,1
1,1,1,1,2,1
1,9,5
1,1,1,1,7,2
1,1,1,1,2,1,2,7
1,1,1,3,7,2,3,1
1,1,1,3,1,1,2,2,6
2,1,1,4,1,1,2,2,2,1,1
1,8,2,7,2,1,1,1,1,1
1,2,2,1,2,2,2,1,1
1,3,3,7,2,1,1,1,1,1
8,6,2,2,2,1,1
6,6,1,1,1,1,1
4,5,2,7
1,2,1,1,3
2,2,1,2,3
2,1,4,1,3
2,3,1,1,8
2,3,4
3,2,2,1
31
0