55 60
5
2,1
2,1
1,5,2,1
2,2,3,2,4,1
4,9,2,2,2,1
2,20,2,2,1
21,2,2,1,1
24,1,2,2,1
25,4,2,1
3,12,4,3,1,1
3,1,10,2,2,3,4,2,1
4,3,8,3,3,2,2,3,1,1
4,2,3,5,2,4,4,2,2,2,2,1
6,2,1,1,1,1,4,6,5,2,2,1
11,6,3,6,2,1,1
13,5,2,5,4,1,1
10,3,9,6,1,2,1,1
7,2,2,2,1,6,4,1,2,1,1
9,3,3,6,2,1,2,1,1
10,1,1,6,2,2,3
10,1,1,6,4,3,2,3
10,1,1,8,2,1,2,4
14,1,8,3,3,2,4
15,5,6,3,2,3,5
13,3,7,2,1,3,5
13,1,8,2,1,4,4
14,1,17,1,3,4
18,20,1,3,3
14,9,1,5,2,3
14,10,1,3,3,3,1,3
1,26,1,1,1,1,10,2,3
27,1,10,2,3
27,1,8,3
25,1,1,6,3
1,25,1,4,5,4
1,24,6,3,1,1,4
1,2,19,6,3,1,4
2,1,1,17,6,3,1,4
2,1,4,10,5,1,3,1,4
2,1,2,2,2,2,5,1,4,1,5
2,1,2,5,1,4,1,5
2,2,3,6,1,4,1,5
1,9,5,7,1,4,1,6
6,2,2,2,1,7,4,6
7,2,2,4,2,6,4,6
4,3,2,2,2,2,3,6,2,6
4,12,1,1,2,2,4,2,7
4,11,4,3,1,7
5,11,4,2,1,1,2,6
6,7,5,2,1,1,2,5
8,2,3,9,5
20,2,15,1,1,6
49,1,1,6
60
1,2,11
3,2,6,11
1,4,11,11
1,21,3,11
1,23,8,2,6
28,6,5
4,24,3,4
4,1,24,4,4
5,3,29,3,3
6,25,3,4,3
7,4,20,2,4,3
7,2,16,1,4,3
8,1,1,16,1,4,3
10,2,17,1,4,3
10,1,1,1,14,1,4,3
9,3,1,13,1,4,3
9,5,1,10,1,4,3
10,1,1,8,5,3
10,2,1,9,2,3
12,4,10,2,2,3
8,1,4,2,1,10,1,2,2
6,3,1,1,1,10,3,2
4,3,1,1,13,3,2
5,3,1,2,2,14,2,2
5,2,1,1,19,2,2
5,28,2,2
1,33,2,2
31,1,2
2,27,1,3
1,21,2,4
3,2,11,2,2,2
3,3,2,4,2
5,2,2,3,3,2
3,2,3,10
2,2,2,2,9
2,7,2,1,1,1,4
10,2,2,2,3
3,1,2,2,2,7,3
4,1,7,1,15,3
9,7,20
4,2,3,13,5
5,2,18,4
2,2,2,4,1,2,10,6
2,2,2,1,2,3,2,1,2,4
2,2,2,1,1,2,1,6
2,2,1,1,1,3,4,4
1,2,2,2,2,5,5
1,1,7,22,6
1,3,34,2
2,7,3,17,1
1,4,6,3
1,4,1
2,2,4,3
2,2,2,4,2,1
2,2,2,7,3
2,3,2,15
1,4,6,20
1,42
1,35
55